v -2 0 -2
v -1 0 -2
v -1 0 -1
v -2 0 -1
v -2 2 -2
v -1 2 -2
v -1 2 -1
v -2 2 -1

v 1 0 -2
v 2 0 -2
v 2 0 -1
v 1 0 -1
v 1 2 -2
v 2 2 -2
v 2 2 -1
v 1 2 -1

v -2 0 1
v -1 0 1
v -1 0 2
v -2 0 2
v -2 2 1
v -1 2 1
v -1 2 2
v -2 2 2

v 1 0 1
v 2 0 1
v 2 0 2
v 1 0 2
v 1 2 1
v 2 2 1
v 2 2 2
v 1 2 2

# Tower 1 (0–7)
f 0 1 2
f 0 2 3
f 4 6 5
f 4 7 6
f 0 4 5
f 0 5 1
f 1 5 6
f 1 6 2
f 2 6 7
f 2 7 3
f 3 7 4
f 3 4 0

# Tower 2 (8–15)
f 8 9 10
f 8 10 11
f 12 14 13
f 12 15 14
f 8 12 13
f 8 13 9
f 9 13 14
f 9 14 10
f 10 14 15
f 10 15 11
f 11 15 12
f 11 12 8

# Tower 3 (16–23)
f 16 17 18
f 16 18 19
f 20 22 21
f 20 23 22
f 16 20 21
f 16 21 17
f 17 21 22
f 17 22 18
f 18 22 23
f 18 23 19
f 19 23 20
f 19 20 16

# Tower 4 (24–31)
f 24 25 26
f 24 26 27
f 28 30 29
f 28 31 30
f 24 28 29
f 24 29 25
f 25 29 30
f 25 30 26
f 26 30 31
f 26 31 27
f 27 31 28
f 27 28 24

#cube
v -5 0 -2
v -4 0 -2
v -4 0 -1
v -5 0 -1
v -5 1 -2
v -4 1 -2
v -4 1 -1
v -5 1 -1

# Tetrahedron
v 7.5  0.5  0.5
v 7.5 -0.5 -0.5
v 6.5  0.5 -0.5
v 6.5 -0.5  0.5

# Octahedron
v 10  0  0
v  8  0  0
v  9  1  0
v  9 -1  0
v  9  0  1
v  9  0 -1

f 32 33 34
f 32 34 35
f 36 38 37
f 36 39 38
f 32 36 37
f 32 37 33
f 33 37 38
f 33 38 34
f 34 38 39
f 34 39 35
f 35 39 36
f 35 36 32

f 40 41 42
f 40 43 41
f 41 43 42
f 40 42 43

f 44 46 48
f 44 46 49
f 44 47 48
f 44 47 49
f 45 46 48
f 45 46 49
f 45 47 48
f 45 47 49

v 16.000000 0.000000 0.000000
v 15.750000 0.433013 0.000000
v 15.250000 0.433013 0.000000
v 15.000000 0.000000 0.000000
v 15.250000 -0.433013 0.000000
v 15.750000 -0.433013 0.000000
v 15.414214 0.000000 1.414214
v 15.237437 0.433013 1.237437
v 14.883883 0.433013 0.883883
v 14.707107 0.000000 0.707107
v 14.883883 -0.433013 0.883883
v 15.237437 -0.433013 1.237437
v 14.000000 0.000000 2.000000
v 14.000000 0.433013 1.750000
v 14.000000 0.433013 1.250000
v 14.000000 0.000000 1.000000
v 14.000000 -0.433013 1.250000
v 14.000000 -0.433013 1.750000
v 12.585786 0.000000 1.414214
v 12.762563 0.433013 1.237437
v 13.116117 0.433013 0.883883
v 13.292893 0.000000 0.707107
v 13.116117 -0.433013 0.883883
v 12.762563 -0.433013 1.237437
v 12.000000 0.000000 0.000000
v 12.250000 0.433013 0.000000
v 12.750000 0.433013 0.000000
v 13.000000 0.000000 0.000000
v 12.750000 -0.433013 0.000000
v 12.250000 -0.433013 0.000000
v 12.585786 0.000000 -1.414214
v 12.762563 0.433013 -1.237437
v 13.116117 0.433013 -0.883883
v 13.292893 0.000000 -0.707107
v 13.116117 -0.433013 -0.883883
v 12.762563 -0.433013 -1.237437
v 14.000000 0.000000 -2.000000
v 14.000000 0.433013 -1.750000
v 14.000000 0.433013 -1.250000
v 14.000000 0.000000 -1.000000
v 14.000000 -0.433013 -1.250000
v 14.000000 -0.433013 -1.750000
v 15.414214 0.000000 -1.414214
v 15.237437 0.433013 -1.237437
v 14.883883 0.433013 -0.883883
v 14.707107 0.000000 -0.707107
v 14.883883 -0.433013 -0.883883
v 15.237437 -0.433013 -1.237437
f 50 51 57
f 50 57 56
f 51 52 58
f 51 58 57
f 52 53 59
f 52 59 58
f 53 54 60
f 53 60 59
f 54 55 61
f 54 61 60
f 55 50 56
f 55 56 61
f 56 57 63
f 56 63 62
f 57 58 64
f 57 64 63
f 58 59 65
f 58 65 64
f 59 60 66
f 59 66 65
f 60 61 67
f 60 67 66
f 61 56 62
f 61 62 67
f 62 63 69
f 62 69 68
f 63 64 70
f 63 70 69
f 64 65 71
f 64 71 70
f 65 66 72
f 65 72 71
f 66 67 73
f 66 73 72
f 67 62 68
f 67 68 73
f 68 69 75
f 68 75 74
f 69 70 76
f 69 76 75
f 70 71 77
f 70 77 76
f 71 72 78
f 71 78 77
f 72 73 79
f 72 79 78
f 73 68 74
f 73 74 79
f 74 75 81
f 74 81 80
f 75 76 82
f 75 82 81
f 76 77 83
f 76 83 82
f 77 78 84
f 77 84 83
f 78 79 85
f 78 85 84
f 79 74 80
f 79 80 85
f 80 81 87
f 80 87 86
f 81 82 88
f 81 88 87
f 82 83 89
f 82 89 88
f 83 84 90
f 83 90 89
f 84 85 91
f 84 91 90
f 85 80 86
f 85 86 91
f 86 87 93
f 86 93 92
f 87 88 94
f 87 94 93
f 88 89 95
f 88 95 94
f 89 90 96
f 89 96 95
f 90 91 97
f 90 97 96
f 91 86 92
f 91 92 97
f 92 93 51
f 92 51 50
f 93 94 52
f 93 52 51
f 94 95 53
f 94 53 52
f 95 96 54
f 95 54 53
f 96 97 55
f 96 55 54
f 97 92 50
f 97 50 55